96741
25080
24942
92011
39011
68985
54927
59819
16594
39766
36720
38043
85354
30309
85042
30945
5778
29328
31394
91147
14124
5451
86435
37294
12915
16355
74360
50838
30104
2464
27670
46016
60197
10958
16771
65285
3324
55208
84869
3430
75244
18110
18410
75044
60319
66510
8601
43564
89234
23554
69844
94255
53581
73455
16628
42736
6602
32786
23924
73730
7840
52629
15340
17375
52288
43778
89758
13729
99448
14918
77820
34482
17745
10330
918
15156
38298
1787
36310
18075
46583
20429
63869
39234
39152
72197
95728
95665
9969
42018
71124
27144
74295
25804
60644
15039
49353
27073
13469
61109
19490
63894
4408
28741
59020
84941
54185
91532
72720
46224
33080
41108
87094
72989
66910
70291
65630
90715
13775
7096
8626
78060
68606
96736
59547
70923
66482
98717
66998
50469
64181
82210
99485
6698
58925
95120
86129
60129
43215
79954
16338
33606
15270
9509
22150
42200
78162
59855
47809
19099
61951
57790
26061
76028
63599
76843
22949
64584
48901
81681
81883
93077
22250
25121
98544
30630
90435
4261
12520
72070
19825
15581
82221
52547
85412
5471
54087
65829
69394
14060
17949
10576
90056
13186
78083
81861
17241
38934
14080
71319
3481
47773
83887
8959
23935
32634
84573
29017
47647
78257
85700
5582
54619
27797
8893
22774
83222
33247
17883
60122
98667
70813
34125
62643
12088
58275
86673
1999
22746
26943
3616
94242
22507
31773
40402
8574
86148
59368
45902
97032
8046
75521
78146
49098
23807
90394
9389
5865
56310
28098
63332
53443
57981
91045
43271
79235
57827
79822
96492
68753
82498
21485
5401
14790
29418
84872
86073
48987
15923
13710
84909
21986
1975
56626
59297
19817
66272
57445
79831
16056
23902
10644
18035
53329
47604
14515
78638
10144
27733
13972
77012
9861
60985
63843
45397
76049
79245
29887
59213
61137
18037
30689
57091
33653
60297
94573
41055
59498
21191
18238
33891
28157
45309
41724
68864
4418
17136
492
75641
57013
94088
23765
96496
46568
18188
60597
81483
82224
41532
22790
18800
76166
84926
85938
81817
69526
5436
7562
90411
12402
6133
24129
23224
15949
46414
83721
68324
69427
11198
86490
94151
86004
89929
35039
82959
72504
12247
92896
60272
63636
86113
64902
55873
98879
3079
24705
15361
58903
97962
36531
51181
20153
28707
40052
82382
68328
94438
90894
42274
52332
85010
2948
23470
13642
37079
55692
24787
55332
75548
29847
21423
71061
31538
82
99934
81678
40424
79295
28904
44045
48533
87356
23680
47330
31215
93300
16522
94419
65300
91843
71142
61254
4784
70292
45888
95048
74462
7844
56149
10440
8735
6241
23186
69954
75723
38352
53888
70454
76007
41173
56369
71465
42090
33395
51427
21658
71226
25046
61370
66128
23406
54998
59097
84840
95906
38657
87461
85168
77325
40909
34361
53186
39193
2003
76802
5681
55244
40440
30317
41786
74933
18161
50202
10840
65844
79654
69503
45041
12712
63659
19075
72750
13026
27889
76587
9809
23007
43968
91457
39164
60254
35547
74734
37971
53896
98502
17904
73866
52872
65386
28717
11149
73466
83734
21741
17925
54400
93874
7390
47428
80004
50323
22585
51443
93135
25525
58911
41200
11852
25580
31124
31759
15256
2989
83959
72764
51372
64414
75247
35457
5759
57124
37336
66226
75210
88466
44878
64354
12299
421
16363
55362
50301
29421
86844
87489
45591
99320
60951
46560
79739
2733
20681
40989
82054
95799
76168
26719
7732
98374
61827
65567
62561
15896
58700
1849
64978
93251
90972
16541
25726
60876
96690
42674
43611
58826
20983
50342
10607
48463
18376
68971
7837
33464
15934
38927
28533
85484
31091
41555
27500
59099
3488
51136
3946
61710
44590
41039
30093
87536
34862
95392
80704
12392
21102
22370
65539
77332
85499
77530
87097
33250
50539
17584
96753
49671
26488
77544
10161
55331
14083
97718
99230
68894
24524
11791
40036
12149
63930
40259
5190
61207
47338
71404
14935
23690
60596
21365
82425
89967
83558
60468
69753
30152
55613
58915
40633
10937
82230
27182
44902
46290
90024
70152
76973
73803
51285
57188
27105
3921
21580
22804
57304
44181
32497
74423
91958
75110
27510
71642
33441
24882
44674
75135
98575
87159
58398
74497
30119
89196
57224
19741
81182
3109
50171
62698
51139
37445
9840
51172
91300
48356
78409
92342
73610
31754
48893
43762
72503
25030
76062
96399
83859
26523
85995
67769
10123
22269
63146
27581
2815
50442
35308
20659
82320
57527
20240
89909
62099
86425
85747
83275
47431
45241
45932
71070
65474
12983
30271
18531
96502
72961
28776
13553
31753
16289
81251
23506
89864
16465
61993
3647
78393
17329
77418
18923
32661
35606
18276
18499
57936
63439
98843
50245
14130
11842
53185
48177
52022
37146
25737
35824
61633
5655
15262
55131
73923
43276
86958
69250
37060
70443
14578
7778
24869
84062
76960
7724
19878
29726
88554
73649
24251
5155
28708
46231
11531
19540
2585
54617
17558
74488
63512
65512
50024
60404
28860
39778
4888
42648
32809
81822
28235
19173
24211
37864
76877
38888
18739
11970
31320
95584
53173
30287
92885
93216
26596
91443
6130
95607
59924
8887
93271
42077
94118
62016
90271
76213
85936
89752
98552
81902
13472
94000
83072
98074
67864
53372
8224
65716
13383
159
26577
31548
54978
46946
80785
37118
87885
66188
73470
44213
40683
98446
68256
24378
96545
15404
51054
64528
81190
5557
70033
91998
59710
92509
92165
54523
35890
80235
40411
64740
81646
10990
33816
88854
91730
98197
80850
84377
97942
93841
4805
20107
91814
90936
58526
44975
20179
26605
58189
34639
17551
75478
99423
69627
66822
47727
91930
79064
49811
8113
18447
22187
59321
67306
39216
98018
79790
59976
88006
21317
64228
55366
63197
44961
92674
78580
55085
15155
63220
42026
70984
85999
28781
28399
59410
12323
69362
10521
95510
72595
24880
63803
73579
54987
53052
58357
45352
67785
31212
78533
43502
83231
26628
22349
63059
72659
34088
47833
60848
374
54190
13207
85252
68775
45512
47248
2880
13707
37828
4814
91028
37457
80208
67684
64838
19363
57236
32679
7144
51108
10557
90748
81288
31179
40448
20564
10719
75507
51902
58813
64631
41405
36203
20878
8004
51835
38380
29739
83497
40023
14738
69431
40810
72518
84610
87819
71525
40150
74908
38651
14402
38124
20220
72591
21548
22116
78023
56993
11284
42492
698
95700
87473
35602
9003
67006
84132
50274
